0 10 0 300 0 500 0 0
0.0 p0 400.0 400.0
0.0 p1 700.0 500.0
0.0 p2 1000.0 400.0
0.0 p3 400.0 400.0
50.0 p0 700.0 400.0
50.0 p1 1000.0 500.0
50.0 p2 1000.0 500.0
50.0 p3 700.0 400.0
100.0 p0 700.0 400.0
100.0 p1 1300.0 500.0
100.0 p2 1000.0 600.0
100.0 p3 1000.0 400.0
150.0 p0 700.0 500.0
150.0 p1 1300.0 500.0
150.0 p2 1000.0 600.0
150.0 p3 1300.0 400.0
200.0 p0 700.0 500.0
200.0 p1 1300.0 600.0
200.0 p2 1300.0 600.0
200.0 p3 1300.0 400.0
250.0 p0 1000.0 500.0
250.0 p1 1300.0 700.0
250.0 p2 1600.0 600.0
250.0 p3 1300.0 500.0
300.0 p0 1300.0 500.0
300.0 p1 1300.0 700.0
300.0 p2 1900.0 600.0
300.0 p3 1300.0 600.0
350.0 p0 1300.0 500.0
350.0 p1 1000.0 700.0
350.0 p2 1900.0 600.0
350.0 p3 1300.0 700.0
400.0 p0 1300.0 600.0
400.0 p1 700.0 700.0
400.0 p2 1900.0 500.0
400.0 p3 1300.0 700.0
450.0 p0 1300.0 700.0
450.0 p1 400.0 700.0
450.0 p2 1900.0 400.0
450.0 p3 1000.0 700.0
500.0 p0 1300.0 700.0
500.0 p1 400.0 700.0
500.0 p2 1900.0 400.0
500.0 p3 1000.0 700.0
550.0 p0 1600.0 700.0
550.0 p1 400.0 600.0
550.0 p2 1600.0 400.0
550.0 p3 1000.0 600.0
600.0 p0 1900.0 700.0
600.0 p1 400.0 500.0
600.0 p2 1300.0 400.0
600.0 p3 1000.0 500.0
650.0 p0 1900.0 700.0
650.0 p1 400.0 400.0
650.0 p2 1000.0 400.0
650.0 p3 1000.0 400.0
700.0 p0 1900.0 600.0
700.0 p1 400.0 700.0
700.0 p2 1000.0 400.0
700.0 p3 1000.0 400.0
750.0 p0 1900.0 500.0
750.0 p1 400.0 600.0
750.0 p2 1000.0 500.0
750.0 p3 1300.0 400.0
800.0 p0 1900.0 400.0
800.0 p1 400.0 500.0
800.0 p2 1000.0 600.0
800.0 p3 1600.0 400.0
850.0 p0 1900.0 400.0
850.0 p1 700.0 500.0
850.0 p2 1000.0 600.0
850.0 p3 1900.0 400.0
900.0 p0 1600.0 400.0
900.0 p1 1000.0 500.0
900.0 p2 1300.0 600.0
900.0 p3 1900.0 400.0
950.0 p0 1300.0 400.0
950.0 p1 1300.0 500.0
950.0 p2 1600.0 600.0
950.0 p3 1900.0 500.0
1000.0 p0 1300.0 400.0
1000.0 p1 1300.0 500.0
1000.0 p2 1900.0 600.0
1000.0 p3 1900.0 600.0
1050.0 p0 1300.0 500.0
1050.0 p1 1300.0 600.0
1050.0 p2 1900.0 600.0
1050.0 p3 1900.0 700.0
1100.0 p0 1300.0 600.0
1100.0 p1 1300.0 700.0
1100.0 p2 1900.0 500.0
1100.0 p3 1900.0 700.0
1150.0 p0 1300.0 700.0
1150.0 p1 1300.0 700.0
1150.0 p2 1900.0 400.0
1150.0 p3 1600.0 700.0
1200.0 p0 1300.0 700.0
1200.0 p1 1000.0 700.0
1200.0 p2 1900.0 400.0
1200.0 p3 1300.0 700.0
1250.0 p0 1000.0 700.0
1250.0 p1 700.0 700.0
1250.0 p2 1600.0 400.0
1250.0 p3 1000.0 700.0
1300.0 p0 700.0 700.0
1300.0 p1 400.0 700.0
1300.0 p2 1300.0 400.0
1300.0 p3 1000.0 700.0
1350.0 p0 400.0 700.0
1350.0 p1 400.0 700.0
1350.0 p2 1000.0 400.0
1350.0 p3 1000.0 600.0
1400.0 p0 400.0 700.0
1400.0 p1 400.0 600.0
1400.0 p2 1000.0 400.0
1400.0 p3 1000.0 500.0
1450.0 p0 400.0 600.0
1450.0 p1 400.0 500.0
1450.0 p2 1000.0 500.0
1450.0 p3 1000.0 400.0
1500.0 p0 400.0 500.0
1500.0 p1 400.0 400.0
1500.0 p2 1000.0 600.0
1500.0 p3 1000.0 400.0
1550.0 p0 400.0 400.0
1550.0 p1 400.0 700.0
1550.0 p2 1000.0 600.0
1550.0 p3 1300.0 400.0
1600.0 p0 400.0 400.0
1600.0 p1 400.0 600.0
1600.0 p2 1300.0 600.0
1600.0 p3 1300.0 400.0
1650.0 p0 700.0 400.0
1650.0 p1 400.0 500.0
1650.0 p2 1600.0 600.0
1650.0 p3 1300.0 500.0
1700.0 p0 700.0 400.0
1700.0 p1 700.0 500.0
1700.0 p2 1900.0 600.0
1700.0 p3 1300.0 600.0
1750.0 p0 700.0 500.0
1750.0 p1 1000.0 500.0
1750.0 p2 1900.0 600.0
1750.0 p3 1300.0 700.0
1800.0 p0 700.0 500.0
1800.0 p1 1300.0 500.0
1800.0 p2 1900.0 500.0
1800.0 p3 1300.0 700.0
1850.0 p0 1000.0 500.0
1850.0 p1 1300.0 500.0
1850.0 p2 1900.0 400.0
1850.0 p3 1000.0 700.0
1900.0 p0 1300.0 500.0
1900.0 p1 1300.0 600.0
1900.0 p2 1900.0 400.0
1900.0 p3 700.0 700.0
1950.0 p0 1300.0 500.0
1950.0 p1 1300.0 700.0
1950.0 p2 1600.0 400.0
1950.0 p3 400.0 700.0
2000.0 p0 1300.0 600.0
2000.0 p1 1300.0 700.0
2000.0 p2 1300.0 400.0
2000.0 p3 400.0 700.0
2050.0 p0 1300.0 700.0
2050.0 p1 1000.0 700.0
2050.0 p2 1000.0 400.0
2050.0 p3 400.0 600.0
2100.0 p0 1300.0 700.0
2100.0 p1 700.0 700.0
2100.0 p2 1000.0 400.0
2100.0 p3 400.0 500.0
2150.0 p0 1600.0 700.0
2150.0 p1 400.0 700.0
2150.0 p2 1000.0 500.0
2150.0 p3 400.0 400.0
2200.0 p0 1900.0 700.0
2200.0 p1 400.0 700.0
2200.0 p2 1000.0 600.0
2200.0 p3 400.0 400.0
2250.0 p0 1900.0 700.0
2250.0 p1 400.0 600.0
2250.0 p2 1000.0 600.0
2250.0 p3 700.0 400.0
2300.0 p0 1900.0 600.0
2300.0 p1 400.0 500.0
2300.0 p2 1300.0 600.0
2300.0 p3 1000.0 400.0
2350.0 p0 1900.0 500.0
2350.0 p1 400.0 400.0
2350.0 p2 1600.0 600.0
2350.0 p3 1300.0 400.0
2400.0 p0 1900.0 400.0
2400.0 p1 400.0 700.0
2400.0 p2 1900.0 600.0
2400.0 p3 1300.0 400.0
2450.0 p0 1900.0 400.0
2450.0 p1 400.0 600.0
2450.0 p2 1900.0 600.0
2450.0 p3 1300.0 500.0
2500.0 p0 1600.0 400.0
2500.0 p1 400.0 500.0
2500.0 p2 1900.0 500.0
2500.0 p3 1300.0 600.0
2550.0 p0 1300.0 400.0
2550.0 p1 700.0 500.0
2550.0 p2 1900.0 400.0
2550.0 p3 1300.0 700.0
2600.0 p0 1300.0 400.0
2600.0 p1 1000.0 500.0
2600.0 p2 1900.0 400.0
2600.0 p3 1300.0 700.0
2650.0 p0 1300.0 500.0
2650.0 p1 1300.0 500.0
2650.0 p2 1600.0 400.0
2650.0 p3 1000.0 700.0
2700.0 p0 1300.0 600.0
2700.0 p1 1300.0 500.0
2700.0 p2 1300.0 400.0
2700.0 p3 1000.0 700.0
2750.0 p0 1300.0 700.0
2750.0 p1 1300.0 600.0
2750.0 p2 1000.0 400.0
2750.0 p3 1000.0 600.0
2800.0 p0 1300.0 700.0
2800.0 p1 1300.0 700.0
2800.0 p2 1000.0 400.0
2800.0 p3 1000.0 500.0
2850.0 p0 1000.0 700.0
2850.0 p1 1300.0 700.0
2850.0 p2 1000.0 500.0
2850.0 p3 1000.0 400.0
2900.0 p0 700.0 700.0
2900.0 p1 1000.0 700.0
2900.0 p2 1000.0 600.0
2900.0 p3 1000.0 400.0
2950.0 p0 400.0 700.0
2950.0 p1 700.0 700.0
2950.0 p2 1000.0 600.0
2950.0 p3 1300.0 400.0
3000.0 p0 400.0 700.0
3000.0 p1 400.0 700.0
3000.0 p2 1300.0 600.0
3000.0 p3 1600.0 400.0
3050.0 p0 400.0 600.0
3050.0 p1 400.0 700.0
3050.0 p2 1600.0 600.0
3050.0 p3 1900.0 400.0
3100.0 p0 400.0 500.0
3100.0 p1 400.0 600.0
3100.0 p2 1900.0 600.0
3100.0 p3 1900.0 400.0
3150.0 p0 400.0 400.0
3150.0 p1 400.0 500.0
3150.0 p2 1900.0 600.0
3150.0 p3 1900.0 500.0
3200.0 p0 400.0 400.0
3200.0 p1 400.0 400.0
3200.0 p2 1900.0 500.0
3200.0 p3 1900.0 600.0
3250.0 p0 700.0 400.0
3250.0 p1 400.0 700.0
3250.0 p2 1900.0 400.0
3250.0 p3 1900.0 700.0
3300.0 p0 700.0 400.0
3300.0 p1 400.0 600.0
3300.0 p2 1900.0 400.0
3300.0 p3 1900.0 700.0
3350.0 p0 700.0 500.0
3350.0 p1 400.0 500.0
3350.0 p2 1600.0 400.0
3350.0 p3 1600.0 700.0
3400.0 p0 700.0 500.0
3400.0 p1 700.0 500.0
3400.0 p2 1300.0 400.0
3400.0 p3 1300.0 700.0
3450.0 p0 1000.0 500.0
3450.0 p1 1000.0 500.0
3450.0 p2 1000.0 400.0
3450.0 p3 1000.0 700.0
3500.0 p0 1300.0 500.0
3500.0 p1 1300.0 500.0
3500.0 p2 1000.0 400.0
3500.0 p3 1000.0 700.0
3550.0 p0 1300.0 500.0
3550.0 p1 1300.0 500.0
3550.0 p2 1000.0 500.0
3550.0 p3 1000.0 600.0
3600.0 p0 1300.0 600.0
3600.0 p1 1300.0 600.0
3600.0 p2 1000.0 600.0
3600.0 p3 1000.0 500.0
3650.0 p0 1300.0 700.0
3650.0 p1 1300.0 700.0
3650.0 p2 1000.0 600.0
3650.0 p3 1000.0 400.0
3700.0 p0 1300.0 700.0
3700.0 p1 1300.0 700.0
3700.0 p2 1300.0 600.0
3700.0 p3 1000.0 400.0
3750.0 p0 1600.0 700.0
3750.0 p1 1000.0 700.0
3750.0 p2 1600.0 600.0
3750.0 p3 1300.0 400.0
3800.0 p0 1900.0 700.0
3800.0 p1 700.0 700.0
3800.0 p2 1900.0 600.0
3800.0 p3 1300.0 400.0
3850.0 p0 1900.0 700.0
3850.0 p1 400.0 700.0
3850.0 p2 1900.0 600.0
3850.0 p3 1300.0 500.0
3900.0 p0 1900.0 600.0
3900.0 p1 400.0 700.0
3900.0 p2 1900.0 500.0
3900.0 p3 1300.0 600.0
3950.0 p0 1900.0 500.0
3950.0 p1 400.0 600.0
3950.0 p2 1900.0 400.0
3950.0 p3 1300.0 700.0
4000.0 p0 1900.0 400.0
4000.0 p1 400.0 500.0
4000.0 p2 1900.0 400.0
4000.0 p3 1300.0 700.0
